,0,1,2,3,4,5,6,7
0,1.0,0.15944841592754044,0.15740378498698449,0.19070543304359322,0.13050464604810041,0.06407197664640518,0.13794823216613816,0.21482973179022846
1,0.15944841592754044,1.0,0.23872234939945947,0.17885434715899595,0.12938699236639084,0.08741326881755307,0.19459687363126565,0.1619221540973842
2,0.15740378498698449,0.23872234939945947,1.0,0.20312513312181601,0.17078048589266714,0.2132670217411755,0.18250506556331159,0.17423899552938205
3,0.19070543304359322,0.17885434715899595,0.20312513312181601,1.0,0.2861488354210212,0.22072804739659846,0.1336025196285464,0.23708007200458425
4,0.13050464604810041,0.12938699236639084,0.17078048589266714,0.2861488354210212,1.0,0.4246263067152023,0.13836466462674946,0.13110512857746137
5,0.06407197664640518,0.08741326881755307,0.2132670217411755,0.22072804739659846,0.4246263067152023,1.0,0.054639302288885805,0.09540437974351879
6,0.13794823216613816,0.19459687363126565,0.18250506556331159,0.1336025196285464,0.13836466462674946,0.054639302288885805,1.0,0.10774636260404002
7,0.21482973179022846,0.1619221540973842,0.17423899552938205,0.23708007200458425,0.13110512857746137,0.09540437974351879,0.10774636260404002,1.0
